.1767
.1696
.1705
.1726
.1783
.1727
.1748
.1698
.1818
.18
.1815
.1841
.1703
.1682
.1616
.1774
.1707
.1815
.1846
.1627
.1797
.1825
.1659
.1678
.1801
.1834
.1635
.1841
.1785
.1824
.1844
.1726
.1801
.1828
.1711
.1649
.1832
.1787
.17
.1644
.1786
.1715
.1677
.1874
.1897
.1819
.1695
.1893
.1766
.1906
.1704
.1827
.1894
.178
.1807
.1745
.1946
.1792
.1842
.1808
.1867
.1795
.2008
.1831
.2019
.1992
.1966
.1952
.2046
.1883
.2084
.2073
.1933
.1978
.1965
.2187
.2093
.2245
.2266
.2239
.2101
.2256
.2259
.2301
.2213
.2398
.2325
.2269
.2311
.2522
.2354
.2486
.2522
.2565
.2703
.2699
.2667
.2649
.2712
.2826
.291
.3017
.2932
.3078
.2953
.2998
.3083
.3289
.3205
.3381
.3296
.3542
.3514
.369
.3624
.3808
.382
.3873
.3845
.3961
.4157
.4281
.4255
.4378
.4543
.4411
.4653
.4781
.4678
.49
.4901
.5192
.5179
.534
.5377
.5499
.5632
.5652
.5874
.5859
.6121
.6229
.6229
.6383
.6568
.6612
.6792
.6988
.7047
.7233
.7376
.7499
.7656
.7723
.778
.8048
.8251
.8188
.8505
.8622
.8805
.8923
.9077
.9275
.9381
.9629
.972
.9908
1.0118
1.0081
1.0246
1.0613
1.0671
1.0918
1.0962
1.117
1.1369
1.1384
1.168
1.1692
1.2049
1.2168
1.2279
1.253
1.2595
1.2848
1.2859
1.3139
1.3311
1.3372
1.352
1.3684
1.3784
1.4024
1.418
1.4187
1.4516
1.4467
1.4541
1.4772
1.4721
1.4728
1.4807
1.4928
1.4836
1.4896
1.482
1.4915
1.4832
1.4939
1.4978
1.4841
1.4944
1.4977
1.4928
1.4852
1.4878
1.497
1.4988
1.4873
1.4845
1.5011
1.4841
1.4882
1.4868
1.4855
1.488
1.4953
1.5012
1.4921
1.5044
1.5044
1.4906
1.5004
1.5018
1.4897
1.4989
1.4829
1.4901
1.4853
1.4943
1.49
1.4969
1.4879
1.4841
1.485
1.4941
1.4943
1.4971
1.486
1.4935
1.4978
1.4851
1.4979
1.5005
1.4981
1.4952
1.5054
1.4883
1.4994
1.5031
1.4989
1.5008
1.5038
1.4966
1.5029
1.4821
1.5006
1.5039
1.5033
1.4872
1.4849
1.5025
1.4953
1.4911
1.4914
1.4864
1.5007
1.4854
1.4861
1.4985
1.4925
1.4935
1.4931
1.5038
1.5019
1.501
1.4862
1.4835
1.4956
1.4953
1.4983
1.505
1.4834
1.5019
1.5013
1.4854
1.4977
1.4907
1.5029
1.4996
1.4963
1.4961
1.4852
1.4946
1.4898
1.5029
1.505
1.4931
1.4941
1.5055
1.5074
1.4873
1.492
1.5059
1.5063
1.5017
1.4914
1.4888
1.4834
1.4866
1.4966
1.4869
1.4937
1.5011
1.4919
1.4983
1.4959
1.5056
1.4862
1.4959
1.4941
1.4917
1.4975
1.4826
1.5006
1.4941
1.4864
1.4939
1.4977
1.4838
1.4917
1.4889
1.4835
1.4825
1.4818
1.4898
1.4971
1.4814
1.4953
1.4862
1.471
1.482
1.4685
1.4854
1.4664
1.4823
1.4769
1.4609
1.4697
1.4704
1.4652
1.4599
1.4437
1.4494
1.4447
1.4383
1.4249
1.4354
1.4301
1.4246
1.4076
1.3948
1.3937
1.4005
1.3832
1.3849
1.3756
1.3761
1.3526
1.3602
1.3466
1.3411
1.3352
1.3225
1.3073
1.3045
1.2951
1.287
1.2752
1.2528
1.2641
1.2515
1.2275
1.2186
1.2005
1.2085
1.1796
1.1838
1.1501
1.1483
1.137
1.1117
1.1057
1.0959
1.0738
1.0655
1.0484
1.0311
1.0276
1.0057
.9749
.9641
.9601
.9472
.9104
.907
.8774
.8697
.8587
.8337
.8277
.7914
.7866
.765
.7359
.7171
.6996
.7021
.6727
.6466
.6421
.6194
.6089
.5924
.5768
.5563
.5308
.5146
.5193
.492
.4718
.4781
.4532
.4496
.4351
.4133
.4082
.3815
.3746
.3755
.3524
.3493
.3443
.3452
.3172
.3258
.3175
.3069
.31
.297
.2782
.2939
.2682
.2858
.2605
.2727
.2678
.2587
.2725
.261
.2655
.2635
.2658
.257
.2575
.2602
.2584
.2553
.2654
.2619
.2804
.275
.2905
.2772
.2904
.2881
.297
.3013
.3057
.319
.3007
.3066
.3258
.3335
.3338
.3328
.3488
.3497
.3419
.3445
.3608
.3553
.3693
.359
.3689
.366
.3863
.3838
.3748
.3905
.3819
.4003
.3859
.3899
.3917
.4078
.4036
.4126
.4017
.3997
.4164
.4163
.4015
.4046
.4115
.415
.4027
.4158
.4249
.4074
.4112
.4219
.4277
.4273
.4169
.4242
.4078
.4202
.425
.4088
.4188
.4181
.4255
.4194
.4074
.4188
.4215
.411
.4045
.4129
.4054
.4119
.4025
.4114
.4179
.4206
.4041
.4172
.4036
.408
.4124
.4183
.4033
.4107
.4167
.417
.4109
.4027
.4092
.4086
.402
.4221
.4076
.412
.4178
.4258
.413
.4127
.44145
.4223
.4205
.4282
.43
.4134
.409
.411
.415
.4242
.4113
.4306
.4304
.4322
.4337
.4351
.4294
.4283
.4245
.4394
.433
