.2
.2
.3
.2
.5
.6
1
.6
.7
.7
.8
1.2
1.2
1.1
1.1
1.4
1.6
1.7
1.7
1.7
2
2
1.9
2.2
2.3
2.6
2.5
2.4
2.5
2.8
2.6
2.6
3.1
3.3
3.4
3.4
3.2
3.8
4.1
4.6
4.7
5.2
5.6
5.7
5.8
6.1
6.6
7.2
7.6
8.1
8.5
8.7
9.3
9.5
10
10.7
11.2
11
11.7
12.1
12.2
12.7
12.9
13.4
13.4
14
14.3
14.7
15.1
15.2
15.8
16.1
16.8
17.4
17.7
18.7
18.8
19.8
20.6
20.6
21.6
22.2
22.7
23.9
24.3
25.2
25.7
26.7
27.6
28.8
29.4
30.4
31.2
31.9
32.8
33.5
34.3
35.2
35.9
36.5
37.3
37.7
38.6
39.2
40.3
41.2
42.2
42.9
43.8
44.9
45.7
45.7
46.1
46.7
47.2
47.6
48
48.2
48.3
48
48
48.2
47.9
47.8
47.4
47.4
47.1
47.2
46.8
46.6
46.8
47.1
46.8
47.1
47.4
47.3
47.6
48.1
49.1
49.9
50.5
51.2
52.2
52.1
53.3
53.3
53.8
54.1
52.8
51.8
51.3
49.7
48.1
46.9
45
43.4
42.3
40.4
39.6
38
35.9
33.8
32.7
30.9
29.4
27
25.2
23.1
21.3
19.7
17.7
16.2
12.9
9.9
7.3
4.5
2.5
.4
-1.4
-3.6
-4.8
-7.2
-9.4
-11.6
-14.8
-18.2
-20.2
-21.8
-23.9
-25.3
-26.5
-28.7
-55.2
-81.3
-135.4
-383.5
-372.8
-352.2
-308.4
-372.4
-369.8
-328
-255.2
-204.9
-206.7
-214.8
-208.4
-145.9
-75.9
8
12.1
13.3
19.6
30.9
32.3
25.7
5.1
-18.7
-23.4
-36
-39.3
-38.6
-22.7
-10.5
-5.3
-4.8
1.7
3.6
6.3
9.9
7.8
6.4
4.6
2.5
.4
2.1
4.1
1.8
1
1
.7
-.6
0
1.5
2.7
2.8
1.6
.3
-1.4
-2.2
-3.7
-4.8
-5.8
-6.2
-5.4
-4.7
-3.1
-1.4
0
1.3
1.7
2.9
3.3
3.1
2.7
2.2
1.7
2.2
1.9
2.5
2.3
2.5
2.5
2.6
3
3.1
2.3
2.1
2.1
2.1
1.5
1.2
1
-1
-.8
-.8
-.8
-.6
0
-.6
-.6
-1
-.7
-.7
-.9
-1.7
-2
-2
-.6
-2.3
-2
-1.9
-2.1
-1.8
-1.3
-1.6
-1.4
-1
-1.4
-1.1
-1.3
-1.3
-1.1
-1
-1
-1.4
-1.2
-1.3
-1.6
-1.4
-1.8
-2.2
-2.6
-2.8
-2.9
-3.7
-3.8
-4.2
-4.5
-5
-5.1
-5
-5
-5.1
-4.6
-4.6
-4.1
-4.4
-4.1
-4.3
-5.3
-5.2
-6.7
-9.1
-10.7
-15.6
-22.1
-28.3
-33.2
-37.5
-41.3
-45.4
-47.9
-50.4
-52.6
-54.1
-54.9
-55.5
-55.9
-55.7
-55.9
-55.7
-56.2
-56.2
-55.8
-55.8
-56.3
-55.5
-56
-56.5
-56.8
-57
-57.2
-57.2
-57.1
-57.2
-57.1
-57.3
-57.3
-57.4
-58.1
-58.2
-59
-60.8
-62.4
-63.3
-65.3
-66.7
-67.9
-69.1
-70.1
-71.4
-72.6
-73.3
-74.4
-74.9
-76.1
-77.5
-78.6
-79.1
-79.5
-79.4
-79.1
-78.8
-78
-77.2
-74.6
-73.5
-70.9
-69.3
-66.4
-63.6
-60.8
-57.7
-54
-50.5
-44.9
-37.2
-31.2
-25.8
-19.5
-13.3
-15.9
-16.8
-8.6
-3
5.2
8.9
14.6
19
26.4
33.4
38.6
46.5
53.3
61.3
66.8
76.5
82.7
87.8
95.7
102.4
107.6
112.7
117.8
120.9
121.9
124
126.2
125.7
125.7
125.8
124.7
123.2
122.1
121.3
120.2
120.9
121.2
121
121.4
122.1
122.5
123.5
124.3
124.3
124.1
123.7
122.4
120.2
117.8
114.3
110.1
105.8
101
95.9
91.1
85.8
81.1
75.8
70.5
65.9
61.4
55.7
51.1
46.1
41.3
36.8
31.9
26.6
22.3
17.8
13.4
8.9
4.8
.6
-3.1
-7.2
-11.2
-15.4
-18.8
-21.7
-24.8
-27.2
-29.3
-31.3
-32.4
-33.6
-34.8
-35.8
-36.5
-37.3
-37.8
-37.5
-38.1
-38.3
-37.7
-37.2
-37
-36.3
-35.4
-34.6
-33.5
-32.2
-31.7
-30.5
-28.9
-27.9
-26.5
-24.6
-22.8
-21.2
-19.9
-17.8
-16.7
-14.8
-13.2
-12.2
-10.5
-9.1
-7.4
-5.8
-5
-4.1
-3.5
-2.4
-1.8
-1
-.5
0
.6
1.6
1.5
2.1
2.1
2.2
2.6
3
3.7
4.2
4.3
4.7
5.1
5.8
6.6
7.2
8.2
8
9.9
10.2
10.9
10.5
10.3
9.7
10
9.6
9.1
9
8.7
8.2
7.5
7.5
6.8
7
6
5.9
5.9
5.2
4.8
4.7
4.2
3.5
3.3
3.1
2.5
2.1
1.9
1.3
.3
.3
-.3

